0.1
0.09629651489721039
0.09315966763691184
0.09055180059957364
0.08843912240358445
0.08679137332246147
0.08558156997056231
0.0847857734383917
0.08438275208130568
0.08435390433753881
0.0846830085140247
0.08535603936463829
0.08636103810708895
0.0876879631048356
0.08932856545627993
0.09127627889376838
0.09352611841428934
0.09607458522421339
0.0989196029896257
0.1020604360232103
0.10549762957319697
0.10923295769092319
0.11326937912431424
0.11761099846124468
0.12226303447074534
0.12723179273098387
0.1325246464500096
0.13815002166067933
0.14411738651654699
0.15043724923182908
0.15712115351708195
0.16418168530843827
0.17163248046989957
0.17948823657893198
0.1877647306961753
0.19647883722030926
0.2056485541606267
0.21529302847866708
0.22543258871376076
0.23608877911768048
0.24728439825354614
0.2590435410230083
0.2713916439086063
0.28435553452896795
0.29796348442761267
0.312245265465119
0.3272322103845117
0.34295727734810255
0.35945511703753336
0.37676214610196945
0.3949166237310009
0.41395873092738195
0.4339306568464854
0.4548766878626443
0.4768433011430894
0.4998792645394378
0.5240357397105717
0.5493663909383253
0.5759275005080956
0.6037780873912101
0.6329800325076045
0.6635982095600246
0.6957006216460013
0.7293585440608994
0.7646466733495887
0.8016432822049245
0.840430381060021
0.8810938862637935
0.9237237950338794
0.9684143656805008
1.0152643060761823
1.0643769687046976
1.1158605498985608
1.169828298921012
1.2263987316600289
1.2856958464178374
1.3478493529825368
1.4129949014192955
1.4812743113173603
1.5528358129041284
1.6278342844068998
1.706431494874869
1.7887963410531968
1.875105084443812
1.9655415875546505
2.0602975326429736
2.1595726456052766
2.263574887551039
2.3725206464277395
2.4866348920972277
2.6061513062594863
2.7313123877689804
2.8623694867627587
2.999582829242371
3.1432214304477997
3.293562979829179
3.450893608082096
3.615507555140922
3.7877067511487956
3.967800185764788
4.156103219505049
4.352936605315395
4.558625336680954
4.773497278467747
4.9978814985307185
5.232106234113118
5.476496563892364
5.7313716286004945
5.997041418405748
6.2738030270165615
6.561936358872874
6.861699198044183
7.17332159132177
7.496999487008866
7.83288756546943
8.181091207305618
8.54165756502887
8.914565675589575
9.299715608646625
9.696916675054997
10.105874680859218
10.526178307015904
10.9572847742875
11.398504880282125
11.84898766522549
12.307705081615868
12.773436920028905
13.244756544102438
13.720018074736737
14.19734549985853
14.674624627786134
15.149498720568532
15.619368520119371
16.081397801968194
16.53252521791837
16.969483239335382
17.388825024232744
17.786959403870785
18.16019442683536
18.50478922182051
18.817013480130893
19.093213469464146
19.329883195850176
19.52373847158791
19.67179155327227
19.77142358630812
19.82045186668009
19.81718910399223
19.76049187300405
19.649795937032785
19.48513674504202
19.267153831040506
18.997079013488467
18.676708821604908
18.308362427461244
17.8948270870322
17.439293543943652
16.94528423803382
16.416577292433313
15.857129223637273
15.270999101746167
14.662276543421706
14.035015497026402
13.393175308799005
12.74057000797904
12.08082633533761
11.417350588802785
10.753304022879345
10.091586231880735
9.43482578963124
8.785377259793249
8.145323630190301
7.51648322881233
6.900420201288444
6.298457694046915
5.711692979158425
5.14101384485554
4.587115672068598
4.0505187221220815
3.53158524960817
3.030536138507763
2.5474668368166404
2.082362431660279
1.635111716022457
1.205520299347227
0.7933225835267663
0.3981927078843329
0.01975447457272278
-0.3424097336972257
-0.688750975847725
-1.0197466502691444
-1.3358942120845438
-1.6377056493801974
-1.9257026440668348
-2.200412360803939
-2.4623638044715452
-2.7120846822508957
-2.9500987251383064
-3.1769234136267253
-3.3930680592668647
-3.5990322303547417
-3.795304410317237
-3.9823609643725946
-4.160665256756184
-4.330667008131396
-4.492801805242206
-4.647490724008637
-4.795140118024462
-4.936141484110391
-5.070871418672097
-5.199691665827206
-5.3229492236028575
-5.440976500098031
-5.554091506940753
-5.662598108161729
-5.766786298757064
-5.86693248308108
-5.963299807473204
-6.056138468694916
-6.145686071900824
-6.232167958234426
-6.3157975699960245
-6.396776787619539
-6.475296287801108
-6.551535889021196
-6.625664905074489
-6.697842456698294
-6.768217832551059
-6.836930794379264
-6.904111908794292
-6.9698828461012585
-7.034356685683574
-7.097638207648448
-7.159824173290819
-7.221003602882701
-7.28125803817274
-7.34066180113615
-7.399282241604478
-7.457179977000246
-7.514409127245873
-7.57101753721879
-7.62704699366062
-7.682533443489858
-7.737507193562511
-7.7919931113972085
-7.846010825924596
-7.899574913596535
-7.952695086926398
-8.005376379967714
-8.057619327551164
-8.109420146192893
-8.160770913355895
-8.211659742606775
-8.262070961882731
-8.311985291047447
-8.361380019867655
-8.41022918681382
-8.458503760797763
-8.5061718252567
-8.55319876239175
-8.599547443595519
-8.645178421940692
-8.690050124254906
-8.734119055633753
-8.777340004335755
-8.819666241366805
-8.861049729931093
-8.901441352299772
-8.940791125318515
-8.979048404625981
-9.0161621276357
-9.052081043559683
-9.086753932041194
-9.120129826878047
-9.152158271012897
-9.182789544653339
-9.211974874994999
-9.239666688303
-9.265818844180657
-9.290386851426799
-9.313328077279792
-9.334601991156912
-9.354170370678467
-9.371997487855463
-9.388050319205242
-9.402298738266538
-9.41471568680644
-9.425277332924422
-9.433963236384816
-9.440756487869903
-9.44564383197347
-9.44861577911585
-9.449666703328658
-9.448794927819268
-9.446002786733198
-9.44129666806382
-9.4346870440135
-9.426188488342211
-9.415819663513155
-9.403603303991018
-9.389566173036902
-9.373739002203022
-9.356156419392121
-9.336856859392421
-9.315882452844575
-9.293278906483064
-9.269095373392634
-9.243384290627505
-9.21620123585421
-9.187604743199904
-9.157656112086988
-9.126419238314265
-9.093960407717459
-9.060348084595322
-9.025652706042386
-8.98994646902043
-8.95330311529827
-8.91579770974284
-8.877506422605965
-8.838506315196208
-8.798875122555055
-8.758691041389413
-8.71803252349256
-8.676978072185003
-8.635606046235583
-8.593994473171957
-8.55222086167513
-8.510362023262484
-8.468493916173381
-8.426691482041779
-8.38502849358954
-8.343577426496754
-8.302409325366822
-8.261593678387994
-8.221198321086899
-8.181289332301754
-8.141930936933482
-8.10318543977725
-8.065113151556341
-8.027772320394618
-7.991219091916004
-7.955507463987059
-7.920689244696421
-7.886814031796752
-7.853929193249084
-7.822079856236424
-7.791308902002684
-7.761656962189117
-7.733162427655927
-7.705861460175755
-7.67978800864522
-7.654973829091339
-7.6314485078358585
-7.609239488576292
-7.588372102537561
-7.5688696006238265
-7.55075318699269
-7.534042054556964
-7.518753421492017
-7.504902567726209
-7.492502873213878
-7.481565854452392
-7.472101201671047
-7.464116816075266
-7.457618842773572
-7.452611705179143
-7.449098141609489
-7.447079232998178
-7.446554433239821
-7.447521594137157
-7.449976994106392
-7.45391536351624
-7.459329897380805
-7.46621227646037
-7.474552689330734
-7.484339839949999
-7.495560956044364
-7.508201804628905
-7.5222466950284455
-7.537678480083332
-7.554478560490761
-7.572626883006492
-7.5921019387589315
-7.612880756065184
-7.634938893301748
-7.658250436269451
-7.682787983097009
-7.70852263099341
-7.735423973180887
-7.763460082256756
-7.792597490038115
-7.822801184610175
-7.85403459884106
-7.886259584462421
-7.919436408726207
-7.953523757130293
-7.988478701185288
-8.024256695180064
-8.060811584889656
-8.09809560816989
-8.13605938341259
-8.174651921982537
-8.213820631928545
-8.253511336395798
-8.293668294997076
-8.334234227054422
-8.37515033533182
-8.416356349209773
-8.457790567026654
-8.49938990530845
-8.541089955229651
-8.58282504991052
-8.624528337793896
-8.66613186364458
-8.70756665959174
-8.748762847343098
-8.789649747542793
-8.830155985311881
-8.870209624879651
-8.909738310252866
-8.948669407147047
-8.986930138454419
-9.02444776546351
-9.061149758474283
-9.096963966693055
-9.131818783100398
-9.16564336726541
-9.198367838178042
-9.229923456066716
-9.260242824553082
-9.28926012954731
-9.316911344958532
-9.343134413828198
-9.367869482471246
-9.391059126688582
-9.412648557597237
-9.432585801065493
-9.450821905944649
-9.467311148367944
-9.482011240250403
-9.494883494580634
-9.505892977525395
-9.515008674566207
-9.522203641420838
-9.527455145193446
-9.530744771969022
-9.532058528057314
-9.531386924624398
-9.528725047614348
-9.524072618274749
-9.517434017797934
-9.508818301443712
-9.498239191348842
-9.485715051491221
-9.471268855146745
-9.454928113207082
-9.436724796431188
-9.41669523667266
-9.394880006360957
-9.371323796967886
-9.34607525654033
-9.319186836010491
-9.29071460868437
-9.26071807277177
-9.22925996641099
-9.196406033556936
-9.162224823004617
-9.12678744863845
-9.09016735192797
-9.052440080868983
-9.013683019624766
-8.973975172615548
-8.933396899198337
-8.892029678732142
-8.84995587640813
-8.807258467300766
-8.764020848658394
-8.720326602900604
-8.676259238332841
-8.63190202288183
-8.587337753203663
-8.542648541149513
-8.497915668358745
-8.453219376058815
-8.40863869586053
-8.36425132155025
-8.32013343584843
-8.276359582554102
-8.23300255939018
-8.190133287878679
-8.147820720107841
-8.106131753749912
-8.065131148536143
-8.024881459731711
-7.985442981693743
-7.94687370367227
-7.909229264321901
-7.872562927468493
-7.83692556759686
-7.802365642524645
-7.768929200712437
-7.736659886658266
-7.7055989302467225
-7.6757851809372095
-7.647255124865313
-7.620042890384416
-7.594180301362801
-7.569696899741964
-7.5466199671468965
-7.524974587790962
-7.504783669348217
-7.48606798322988
-7.4688462329485725
-7.453135084165026
-7.438949172659701
-7.4263011993308305
-7.41520196408954
-7.405660375714449
-7.3976835227064734
-7.39127671975982
-7.386443521496703
-7.383185763600385
-7.381503617643629
-7.3813956103510865
-7.382858638512594
-7.3858880220048615
-7.390477521514457
-7.396619344094515
-7.4043041785987
-7.413521211701833
-7.424258131555135
-7.436501141696498
-7.450234972632918
-7.465442882733914
-7.482106657755692
-7.500206612913828
-7.519721588192903
-7.5406289441045375
-7.562904549740548
-7.586522772337847
-7.611456471052733
-7.637676975539042
-7.665154068616143
-7.693855980116809
-7.72374936213128
-7.754799263972539
-7.786969125151797
-7.82022075739282
-7.854514311028149
-7.889808267405866
-7.926059436119247
-7.963222914422654
-8.001252082036308
-8.040098615230402
-8.079712448956808
-8.120041775388692
-8.16103307377336
-8.20263108954768
-8.244778838489875
-8.287417628907425
-8.330487105198316
-8.373925251404687
-8.417668435647244
-8.461651444045202
-8.505807524995094
-8.550068466526062
-8.594364659142805
-8.638625154971571
-8.682777762822166
-8.726749150236556
-8.770464944415853
-8.813849834363404
-8.856827709963225
-8.899321797454526
-8.94125480055975
-8.98254904832206
-9.02312667805418
-9.062909810492759
-9.10182071415601
-9.139782003855519
-9.1767168622776
-9.212549244712577
-9.247204064290235
-9.28060744301396
-9.312686945919864
-9.343371803669713
-9.372593113556174
-9.400284122100818
-9.426380456603487
-9.450820339277357
-9.473544809976813
-9.494497993488348
-9.513627314884662
-9.530883687378571
-9.546221740088443
-9.559600029597235
-9.570981221683935
-9.580332245960463
-9.58762447950944
-9.592833890264423
-9.595941164629286
-9.5969318180388
-9.595796288423823
-9.592530006621095
-9.587133460804916
-9.579612229377977
-9.569976982285906
-9.55824348242341
-9.544432555516808
-9.528570025591463
-9.510686652796878
-9.490818043007142
-9.469004513503968
-9.445290973973071
-9.419726786179801
-9.392365566789847
-9.363265014384888
-9.332486719593646
-9.300095926894441
-9.266161315687576
-9.230754773107805
-9.193951125087171
-9.155827887391045
-9.116465017797866
-9.07594463068024
-9.034350732422482
-8.99176895581008
-8.948286283230468
-8.90399077783305
-8.858971320424343
-8.813317346990045
-8.767118590462905
-8.720464830848847
-8.673445659692812
-8.62615024318645
-8.578667103022653
-8.531083902792295
-8.483487247638736
-8.435962498218046
-8.388593589976761
-8.341462874577505
-8.29465096341086
-8.24823659341514
-8.20229649825156
-8.156905297831932
-8.112135396274995
-8.068056894523757
-8.024737514966937
-7.982242541860058
-7.940634764559878
-7.899974426244664
-7.860319208049018
-7.821724198682001
-7.784241878970471
-7.7479221258988185
-7.712812210480426
-7.678956809208386
-7.646398025699487
-7.6151754098611235
-7.585325987998408
-7.556884297972629
-7.5298824270204685
-7.504350053275271
-7.480314490419515
-7.457800734900729
-7.436831514712406
-7.417427339772177
-7.399606554371124
-7.383385386666095
-7.368777999547871
-7.355796545592377
-7.344451216406852
-7.334750287380523
-7.326700166722805
-7.320305448343636
-7.315568946581822
-7.3124917374154705
-7.31107320291796
-7.311311066229343
-7.313201418281005
-7.316738749616253
-7.321915984459663
-7.328724494663119
-7.337154119384266
-7.347193187682932
-7.358828531069854
-7.372045486468312
-7.386827904627525
-7.403158159878697
-7.42101714142205
-7.4403842495438655
-7.461237394098
-7.483552984934587
-7.507305913519157
-7.532469540440297
-7.5590156861820255
-7.586914601466612
-7.616134946594856
-7.646643767762208
-7.6784064850611475
-7.71138686252631
-7.745546978004468
-7.780847202145608
-7.8172461711189545
-7.854700757446702
-7.893166055696619
-7.932595358946696
-7.972940139514145
-8.014150022320944
-8.056172780567467
-8.098954325777513
-8.142438701610565
-8.186568076950657
-8.231282750251978
-8.276521165263034
-8.322219925284442
-8.368313815909564
-8.414735832200869
-8.461417223649722
-8.508287541436193
-8.555274696207771
-8.602305015925259
-8.649303329934845
-8.696193059206161
-8.742896314928712
-8.789334000716433
-8.835425928111672
-8.88109096565356
-8.926247179415782
-8.970811988044076
-9.01470230855652
-9.057834760982772
-9.10012585621251
-9.14149219836607
-9.181850678320243
-9.221118700357916
-9.259214421521317
-9.296056984822737
-9.331566761444735
-9.365665604600743
-9.398277108047338
-9.429326866505814
-9.458742725550485
-9.486455053661945
-9.512397005038443
-9.536504777833633
-9.558717874225845
-9.578979347236878
-9.59723604354844
-9.613438837646221
-9.627542858541684
-9.639507693129802
-9.649297579410405
-9.656881591772134
-9.66223383373019
-9.665333547160524
-9.6661652449455
-9.664718819581585
-9.660989635244302
-9.654978566511938
-9.646692032608986
-9.636142026863633
-9.623346128440891
-9.608327419688468
-9.591114438595742
-9.571741105343378
-9.550246616010702
-9.526675295874833
-9.501076448422047
-9.473504191218481
-9.444017284515166
-9.412678889903786
-9.379556322769297
-9.344720851898128
-9.30824743719158
-9.270214434333536
-9.230703330685074
-9.189798465019006
-9.147586726438442
-9.104157255776247
-9.05960114841315
-9.01401115331136
-8.967481370655447
-8.920106955069963
-8.871983822991146
-8.823208364562786
-8.77387716360272
-8.724086724224742
-8.673933211923252
-8.623512196118352
-8.572918418096894
-8.52224555534781
-8.471586014452173
-8.42103072407237
-8.37066895303431
-8.320588134162879
-8.270873708887093
-8.221608982181179
-8.17287499454545
-8.124750406326822
-8.077311397170046
-8.030631579589949
-7.9847819293231845
-7.939830728765132
-7.8958434999169835
-7.852882982948003
-7.8110091157465495
-7.770279003800063
-7.730746925805611
-7.692464341138022
-7.655479894648183
-7.6198394432552465
-7.585586085450266
-7.552760188700289
-7.521399432769274
-7.491538854569945
-7.4632108969838855
-7.43644546051745
-7.411269958271179
-7.387709374115331
-7.36578632097876
-7.3455211006305685
-7.326931766138494
-7.310034180194699
-7.294842073970587
-7.281367109819677
-7.269618940989322
-7.259605260975942
-7.251331859495452
-7.244802682300144
-7.240019871635635
-7.236983811827366
-7.235693178414548
-7.236144977530503
-7.238334575500548
-7.242255733825062
-7.247900645458753
-7.255259950054293
-7.26432275512983
-7.275076660091547
-7.287507766471418
-7.301600682005544
-7.3173385284227725
-7.334702948313037
-7.353674093944184
-7.374230621817224
-7.396349689330593
-7.420006937306757
-7.44517647042758
-7.471830841669429
-7.499941034599195
-7.5294764279222965
-7.560404770053182
-7.592692149266391
-7.6263029796716095
-7.661199955502136
-7.697344018556924
-7.7346943286273
-7.773208227143321
-7.812841202392225
-7.85354686554482
-7.895276918996234
-7.937981128437258
-7.981607286544315
-8.026101202249835
-8.071406681628721
-8.11746551359747
-8.164217455450036
-8.211600228981574
-8.259549529621859
-8.307999033832612
-8.356880416102749
-8.40612336988721
-8.45565564802619
-8.505403106416882
-8.555289759097722
-8.605237835281756
-8.655167858569081
-8.704998741451119
-8.754647884666038
-8.804031287005763
-8.853063654170636
-8.901658561668356
-8.949728602970689
-8.997185557191095
-9.043940542487556
-9.089904223631827
-9.13498702841399
-9.179099362314947
-9.222151829379095
-9.26405544885687
-9.30472194731117
-9.344064010281244
-9.381995554342211
-9.418431970169904
-9.453290433186831
-9.486490198594622
-9.517952889161956
-9.547602780094696
-9.575367080040758
-9.601176246097179
-9.624964261533986
-9.646668916992368
-9.666232081592995
-9.68359996425562
-9.69872337350116
-9.711557960130769
-9.722064431462927
-9.73020874922743
-9.735962323276267
-9.739302186631951
-9.740211129378341
-9.738677813395007
-9.734696869975071
-9.728268973674899
-9.719400879463011
-9.708105439312924
-9.694401587863645
-9.678314305167245
-9.65987454735575
-9.639119153023165
-9.616090720108861
-9.590837460165526
-9.563413029247332
-9.533876327066427
-9.502291287632502
-9.46872663105338
-9.433255620051316
-9.395955771346705
-9.356908583231553
-9.316199217188187
-9.27391620173728
-9.230151096385399
-9.184998175687536
-9.13855408849037
-9.090917532089337
-9.042188909941112
-8.99246997730645
-8.941863569253389
-8.890473219739087
-8.838402864425667
-8.785756553034451
-8.732638104191953
-8.679150868668975
-8.6253974261965
-8.571479320808916
-8.517496845330516
-8.463548772565714
-8.409732165915102
-8.356142175595352
-8.302871843686646
-8.250011956457376
-8.197650880564556
-8.14587443407727
-8.094765772820068
-8.044405285335117
-7.994870506222933
-7.94623604876413
-7.898573546335264
-7.851951606655373
-7.806435790925877
-7.762088583134551
-7.7189693945251046
-7.677134566592011
-7.636637375207773
-7.59752807223446
-7.559853898484173
-7.523659134216165
-7.488985146342996
-7.455870424674504
-7.424350659575741
-7.394458779739068
-7.366225032507007
-7.339677064456491
-7.314839949145148
-7.29173627837848
-7.270386254186209
-7.25080772375424
-7.233016264136293
-7.217025272347178
-7.202846002178409
-7.190487639831343
-7.179957388675437
-7.171260505711716
-7.164400364871508
-7.159378530896519
-7.156194791626858
-7.154847207352417
-7.155332171186693
-7.15764443498791
-7.1617771442225875
-7.167721882081138
-7.175468686422224
-7.185006070783135
-7.19632105229053
-7.209399159461649
-7.224224433812283
-7.240779444004263
-7.259045282504485
-7.279001559679682
-7.3006263952772095
-7.323896404636749
-7.348786684719796
-7.375270789816464
-7.403320704812827
-7.432906824692465
-7.463997921467796
-7.4965611026530246
-7.530561783232123
-7.565963654863202
-7.602728627749882
-7.6408167967649625
-7.680186418150241
-7.720793840817628
-7.762593467594046
-7.80553774147357
-7.8495770782832075
-7.894659823135778
-7.940732246032915
-7.9877384924498775
-8.035620535072955
-8.084318177369482
-8.133769040945841
-8.183908512640667
-8.234669759064365
-8.285983760570723
-8.33777926319586
-8.389982809982516
-8.442518816634152
-8.495309553122423
-8.548275192282732
-8.601333920964214
-8.654401975550075
-8.707393709936603
-8.760221735511411
-8.812797028966928
-8.865029025863592
-8.91682579000422
-8.968094185828294
-9.018740014077945
-9.068668216294158
-9.117783098205198
-9.165988520886541
-9.213188141548798
-9.259285666380178
-9.304185109469294
-9.347791069882225
-9.390009003089864
-9.430745530305591
-9.469908743365645
-9.50740849960259
-9.54315677118098
-9.577067944623082
-9.609059153906335
-9.639050632439083
-9.666965989391187
-9.69273257918668
-9.716281809078387
-9.737549413030447
-9.756475814584032
-9.773006356252262
-9.78709159276238
-9.79868757534978
-9.807756020601937
-9.81426459125442
-9.818187065257726
-9.819503470233853
-9.818200275283548
-9.814270461880994
-9.807713635171982
-9.798536066295224
-9.786750699640205
-9.772377171282011
-9.755441744423182
-9.73597725197961
-9.714022990248273
-9.689624581511476
-9.662833815287769
-9.633708462773182
-9.60231204855296
-9.568713618600809
-9.532987473310696
-9.495212864887213
-9.455473721167925
-9.413858293505884
-9.370458839948283
-9.325371259663177
-9.278694740030726
-9.230531397458677
-9.180985883950576
-9.130165045679055
-9.078177511944833
-9.025133359834744
-8.971143718912835
-8.9163204284999
-8.860775681456282
-8.804621674693719
-8.747970300431959
-8.690932803977734
-8.633619511087062
-8.576139514855058
-8.518600428937615
-8.461108131040135
-8.403766521961822
-8.34667732663987
-8.28993988253588
-8.233650975779925
-8.177904677393117
-8.122792204246933
-8.068401800447178
-8.014818632898915
-7.9621247036840295
-7.910398785701252
-7.859716363650527
-7.810149599550001
-7.761767311124766
-7.714634952591491
-7.668814630186847
-7.624365107753136
-7.581341830089035
-7.539796961201388
-7.499779428779978
-7.461334972251628
-7.424506200718701
-7.389332661413673
-7.355850904774376
-7.32409455961286
-7.29409441047935
-7.265878476355977
-7.239472092776066
-7.214897993446831
-7.192176392962724
-7.171325072734622
-7.152359459793548
-7.135292708813905
-7.120135781909523
-7.106897522964185
-7.095584735515023
-7.086202249899202
-7.078752987320508
-7.0732380247394415
-7.069656667399934
-7.068006486250159
-7.068283369170486
-7.070481574525612
-7.0745937749446535
-7.0806110786161565
-7.088523062535319
-7.09831781040715
-7.109981922204309
-7.123500524576659
-7.1388572833201165
-7.15603441750164
-7.175012684010853
-7.195771372544683
-7.218288301367589
-7.242539802371864
-7.268500690654504
-7.296144241785434
-7.325442171988328
-7.356364596645848
-7.388879990982157
-7.422955152681557
-7.458555166988312
-7.495643348433781
-7.534181194041798
-7.574128342360332
-7.615442519925692
-7.658079478478679
-7.701992943164062
-7.747134571423353
-7.793453913406522
-7.840898332771177
-7.889412966527933
-7.938940685038668
-7.989422070957807
-8.040795350664824
-8.092996368256447
-8.14595856145999
-8.199612969763447
-8.25388819100926
-8.308710381120676
-8.364003261304036
-8.419688157081822
-8.475684006089216
-8.531907394275098
-8.588272610178926
-8.644691722964595
-8.70107465686737
-8.757329280503402
-8.813361521882833
-8.869075494322258
-8.924373640300665
-8.979156896715498
-9.033324865603648
-9.086776008572375
-9.139407867056645
-9.191117289099024
-9.24180067769515
-9.291354257123134
-9.339674346785415
-9.386657661222245
-9.43220162678408
-9.476204686473563
-9.51856665028141
-9.559189052850098
-9.597975462838567
-9.63483188115573
-9.669667120786082
-9.702393105302399
-9.732925301100185
-9.76118309194162
-9.78709004734554
-9.810574370336981
-9.831569236993476
-9.850013021076803
-9.865849728358624
-9.879029272368925
-9.88950764209273
-9.897247289847448
-9.902217319626406
-9.904393590689255
-9.903759021313624
-9.900303675483197
-9.894024795864059
-9.884926990463272
-9.873022214737498
-9.858329729329615
-9.840876145202744
-9.820695315142569
-9.797828198612834
-9.772322746591708
-9.744233750829933
-9.713622614650404
-9.680557106689744
-9.645111090535943
-9.607364250102103
-9.567401763256976
-9.525313955334074
-9.48119594864006
-9.435147266402264
-9.387271472362816
-9.337675732359898
-9.286470438527791
-9.233768762997432
-9.17968625888183
-9.124340440001586
-9.067850361044407
-9.010336205635351
-8.951918888603927
-8.892719665531784
-8.832859748551892
-8.77245994432528
-8.711640300001434
-8.65051977570976
-8.589215923548982
-8.527844598219714
-8.466519675907563
-8.405352806039657
-8.344453172844721
-8.283927287668451
-8.223878792304127
-8.164408299627306
-8.10561324001222
-8.047587734094988
-7.990422487638824
-7.934204703579229
-7.879018011355177
-7.824942422237347
-7.772054285518404
-7.7204262823120375
-7.670127412930807
-7.621223012921903
-7.5737747794773345
-7.527840796883403
-7.483475598397897
-7.4407302017475345
-7.399652197949551
-7.360285814013216
-7.322671967935357
-7.286848392695176
-7.252849693751052
-7.220707446992888
-7.190450312026808
-7.162104094205177
-7.135691867847818
-7.111234071578361
-7.0887485818491935
-7.068250838948626
-7.049753921438463
-7.033268635224299
-7.0188036200094714
-7.006365412248284
-6.995958539233105
-6.987585597794917
-6.981247309635195
-6.976942613711115
-6.974668726605834
-6.9744211665985585
-6.976193834552242
-6.9799790633180665
-6.985767640240251
-6.993548848103232
-7.003310503060278
-7.015038967561386
-7.028719162020861
-7.0443345872114795
-7.061867323848897
-7.081298026759713
-7.1026059224786
-7.125768794759961
-7.150762968047741
-7.177563280675098
-7.206143054621449
-7.2364740681694055
-7.268526512982919
-7.302268945705889
-7.337668249306148
-7.374689585249087
-7.413296323991019
-7.453449995439988
-7.495110245573063
-7.53823474811113
-7.582779145991474
-7.628697014659168
-7.675939767546146
-7.724456588025965
-7.77419439961332
-7.825097783813359
-7.8771089016084
-7.930167468254034
-7.984210707426779
-8.03917326034977
-8.09498716777857
-8.151581875213823
-8.20888413889548
-8.26681802190945
-8.32530494589172
-8.384263625427613
-8.443610077654572
-8.503257713284272
-8.56311733417866
-8.62309715715005
-8.683102936537063
-8.743038054686764
-8.802803563537978
-8.862298340508058
-8.921419275194252
-8.980061349207947
-9.038117835384371
-9.09548054998715
-9.152040013183496
-9.207685690641991
-9.262306286805229
-9.315790003948194
-9.368024832588187
-9.418898875625922
-9.468300686205955
-9.516119620290018
-9.562246177432362
-9.606572400542992
-9.648992264846061
-9.689402060816054
-9.727700837177673
-9.763790768334784
-9.797577584722431
-9.828971013425763
-9.857885125906828
-9.884238808259175
-9.907956122976959
-9.92896666118274
-9.947205983885672
-9.96261588236855
-9.975144755221468
-9.984747920203054
-9.991387809573249
-9.995034307094025
-9.995664895021259
-9.993264829452519
-9.987827329143402
-9.979353599381456
-9.967852947911359
-9.95334279718658
-9.93584862487386
-9.915403933490937
-9.892050145827477
-9.865836459697235
-9.836819657586997
-9.805063884761143
-9.770640402618108
-9.733627296138561
-9.694109145919438
-9.652176690310878
-9.607926427024417
-9.561460244489698
-9.512884967761819
-9.462311954125601
-9.409856617604389
-9.35563798479159
-9.299778227547472
-9.242402178385538
-9.183636891042065
-9.123611133078594
-9.062454970807217
-9.00029927419886
-8.937275312941125
-8.873514304094108
-8.809147014714515
-8.744303370661052
-8.679112069848795
-8.613700253233345
-8.548193148627227
-8.482713789622357
-8.417382712863088
-8.352317713107116
-8.287633603267835
-8.223442006249211
-8.159851173078122
-8.096965818874434
-8.034886988299908
-7.973711942238794
-7.913534062160599
-7.854442786335023
-7.796523552185951
-7.739857771067076
-7.684522813738581
-7.630592009808725
-7.57813467791617
-7.527216143863423
-7.477897805563993
-7.430237174771576
-7.384287959575014
-7.340100135893221
-7.297720033908155
-7.257190439746728
-7.21855068034242
-7.181836744476826
-7.147081368264731
-7.114314174838574
-7.083561785037354
-7.05484787917012
-7.028193367781222
-7.003616494516697
-6.981132905881242
-6.960755807803665
-6.9424960602549985
-6.92636224501946
-6.912360806818304
-6.900496135010021
-6.890770627688535
-6.883184809082592
-6.877737396424643
-6.874425354768548
-6.873243989104204
-6.874186994525496
-6.877246498769077
-6.882413127163298
-6.8896760352790745
-6.8990229362111855
-6.910440138636729
-6.923912561625989
-6.939423744963397
-6.956955861057044
-6.9764897122662095
-6.998004723211215
-7.0214789282147905
-7.0468889523792635
-7.074209985740894
-7.103415748342173
-7.134478452753501
-7.167368767848119
-7.2020557625130905
-7.238506850898892
-7.276687740144859
-7.316562371073917
-7.35809284200561
-7.401239341828075
-7.445960085908706
-7.492211232538291
-7.539946804435846
-7.5891186165832805
-7.639676202036243
-7.691566721451759
-7.74473488829138
-7.799122905496616
-7.854670380817478
-7.911314254524613
-7.968988739913853
-8.027625268796484
-8.087152423568076
-8.147495893165054
-8.20857844844757
-8.270319901745655
-8.332637085592394
-8.395443850839325
-8.458651082030192
-8.522166711562146
-8.585895753566325
-8.649740354763427
-8.713599866703294
-8.777370940059663
-8.84094763054807
-8.904221527283871
-8.967081897803782
-9.029415866186348
-9.091108606211721
-9.152043559022271
-9.21210267851695
-9.271166686833078
-9.329115364782496
-9.38582786738407
-9.441183046750087
-9.495059815682797
-9.547337520601502
-9.597896321002528
-9.646617619353718
-9.69338447597773
-9.738082045824694
-9.780598042389643
-9.82082317985727
-9.858651648831296
-9.89398158480186
-9.926715519932596
-9.956760862919344
-9.98403034256131
-10.00844245004808
-10.029921876162796
-10.048399908983804
-10.063814827688466
-10.076112263748392
-10.085245528828233
-10.09117591664986
-10.0938729674237
-10.093314691775184
-10.089487752370877
-10.082387615711689
-10.072018638364854
-10.058394121582243
-10.04153632743074
-10.021476415506047
-9.998254374285809
-9.97191887823048
-9.942527094265706
-9.910144484458646
-9.87484451118441
-9.83670833808059
-9.795824499912909
-9.752288493503837
-9.706202392314411
-9.657674396513716
-9.606818359580606
-9.553753325602335
-9.498603007820975
-9.441495279691393
-9.382561662255979
-9.321936786318483
-9.259757858054867
-9.196164141992554
-9.131296437446883
-9.06529656842244
-8.998306878916388
-8.930469758668272
-8.861927168336988
-8.79282020347595
-8.72328866173667
-8.65347065366631
-8.583502220276484
-8.513516993954553
-8.443645867697066
-8.374016717799488
-8.304754128788929
-8.235979164222389
-8.16780915610197
-8.100357527304283
-8.033733639758323
-7.968042666122025
-7.903385492521926
-7.839858638984096
-7.777554209624248
-7.716559859392514
-7.656958784724697
-7.5988297323799605
-7.542247023584141
-7.48728060822153
-7.433996106366882
-7.3824548859858945
-7.332714147962193
-7.284827021956822
-7.238842660254617
-7.1948063578131105
-7.1527596641421
-7.112740505133767
-7.074783312410579
-7.038919149142386
-7.005175842112473
-6.973578111800448
-6.944147703447272
-6.91690352076942
-6.891861749883916
-6.869035987780502
-6.848437363814735
-6.8300746577528315
-6.8139544177661096
-6.800081061763542
-6.788456979079945
-6.779082642313359
-6.7719566941252864
-6.76707601985769
-6.764435830243731
-6.764029750449789
-6.765849863003714
-6.769886764618382
-6.77612962536868
-6.784566232929335
-6.795183011602271
-6.807965052319382
-6.822896143622271
-6.839958770304765
-6.85913411468309
-6.880402057314862
-6.903741171465109
-6.929128691425208
-6.956540488880616
-6.985951047955523
-7.017333419237801
-7.050659170028473
-7.085898334427139
-7.123019361617314
-7.161989040911608
-7.202772433228847
-7.24533280339036
-7.289631538645603
-7.335628060417147
-7.383279740676437
-7.432541818849364
-7.483367300231642
-7.535706863107541
-7.589508774092516
-7.6447187869515725
-7.701280043797712
-7.759132987555958
-7.818215279164207
-7.878461696368835
-7.939804053563663
-8.002171138233102
-8.065488628420248
-8.12967902645499
-8.19466161355987
-8.260352411244796
-8.32666413461052
-8.39350617739843
-8.46078462054093
-8.528402229275017
-8.596258480522385
-8.66424961645847
-8.732268710430935
-8.800205747152622
-8.867947734159644
-8.935378836251658
-9.002380531866933
-9.068831792455686
-9.134609284993823
-9.199587612510122
-9.263639570799874
-9.326636438527613
-9.388448295243531
-9.448944347436887
-9.507993308118296
-9.56546378810151
-9.621224702680713
-9.67514572675525
-9.727097740191091
-9.776953303615661
-9.824587169647641
-9.869876770103845
-9.91270274751411
-9.952949484917795
-9.99050561148863
-10.025264556217317
-10.057125063039768
-10.085991697958104
-10.111775371895588
-10.134393810285797
-10.153772023029296
-10.169842751221932
-10.182546867252983
-10.19183375701152
-10.197661658292958
-10.199997957335125
-10.198819438860484
-10.194112498682836
-10.185873298898168
-10.174107861975479
-10.158832143504789
-10.140072013180465
-10.117863195037653
-10.092251185127267
-10.063291051581421
-10.031047236659914
-9.995593302714413
-9.957011581167993
-9.915392848930358
-9.870835910401935
-9.823447137218487
-9.77334002728685
-9.720634683012225
-9.66545726589053
-9.607939438698052
-9.548217815359957
-9.486433351497089
-9.4227307624514
-9.357257916490772
-9.290165246216633
-9.221605150140867
-9.15173141035708
-9.080698625122734
-9.008661649663006
-8.935775067903906
-8.862192674861952
-8.78806699405585
-8.713548810607783
-8.63878674769127
-8.563926859048724
-8.48911226223321
-8.414482799699181
-8.340174733436912
-8.266320472865958
-8.193048333867416
-8.120482331262606
-8.048742001537239
-7.9779422569812635
-7.908193270765294
-7.839600384526377
-7.772264054445234
-7.7062798048338506
-7.641738228737494
-7.578724985200003
-7.517320843770403
-7.45760172202711
-7.399638764071506
-7.343498414429439
-7.289242520582129
-7.236928439428804
-7.186609155626072
-7.138333409746755
-7.09214583090391
-7.048087109996667
-7.006194096328947
-6.9664999637783005
-6.92903439805413
-6.8938236926201295
-6.860890937712216
-6.830256183181898
-6.801936538383713
-6.77594636496054
-6.752297413033786
-6.730998926440564
-6.7120578185561275
-6.695478782042754
-6.681264394741202
-6.6694152662996276
-6.6599301244465545
-6.652805915975117
-6.648037916277022
-6.645619796413825
-6.645543707961572
-6.647800358074194
-6.652379057502985
-6.659267781643726
-6.668453214454922
-6.679920776556661
-6.693654658229127
-6.70963783551563
-6.72785207733384
-6.748277948797103
-6.7708948024646345
-6.795680763953825
-6.822612704632081
-6.851666207125244
-6.882815534690506
-6.916033582249932
-6.951291813027909
-6.988560201155221
-7.027807169536183
-7.068999504367516
-7.112102275432371
-7.157078756670483
-7.2038903269050705
-7.252496370768414
-7.302854183381543
-7.35491886524594
-7.408643207317014
-7.463977583298202
-7.520869843618736
-7.579265192149732
-7.639106073378463
-7.700332071289618
-7.762879789381909
-7.826682739031059
-7.891671242380101
-7.957772339133728
-8.024909688298537
-8.093003482729278
-8.161970373576185
-8.231723406398615
-8.302171977157858
-8.373221785293591
-8.444774812859922
-8.516729317940849
-8.588979845200278
-8.661417261684706
-8.733928808380009
-8.80639817645518
-8.878705608079644
-8.950728024154513
-9.022339178714585
-9.093409842699124
-9.163808017367725
-9.233399171505885
-9.302046520635823
-9.36961133001353
-9.435953245601576
-9.500930673595512
-9.564401166910786
-9.626221852709808
-9.686249904943413
-9.744343006393446
-9.800359869960271
-9.854160781564449
-9.905608124469238
-9.95456697548196
-10.000905688655882
-10.044496461614814
-10.085215971587353
-10.1229459628138
-10.157573829763713
-10.188993241113485
-10.21710469438235
-10.241816078462847
-10.263043228848582
-10.280710416996014
-10.29475083623836
-10.30510704460089
-10.311731353340717
-10.31458617900532
-10.313644342396058
-10.30888931968321
-10.300315414987013
-10.287927899923362
-10.271743088001562
-10.25178830984382
-10.228101887698376
-10.200733003218945
-10.169741487138191
-10.135197625370697
-10.097181819417502
-10.055784217504073
-10.011104357151478
-9.963250648338732
-9.912339881867755
-9.858496722716055
-9.801853072660851
-9.742547492029866
-9.680724574102845
-9.616534256588888
-9.550131181293187
-9.48167401559468
-9.411324755253903
-9.33924806639083
-9.265610614399895
-9.190580391745911
-9.11432607844122
-9.037016437666797
-8.95881970253188
-8.879903011060978
-8.800431861714017
-8.720569610145407
-8.64047699125072
-8.56031168095282
-8.480227895385957
-8.400376024024666
-8.320902306117517
-8.241948535527143
-8.163651816125336
-8.086144345937353
-8.009553234315666
-7.934000360414886
-7.859602262223847
-7.786470054618383
-7.714709388263793
-7.644420415983877
-7.57569781627793
-7.508630803926788
-7.443303203082488
-7.3797935031202275
-7.318174964802099
-7.258515717216834
-7.200878889235751
-7.145322758548304
-7.091900856611035
-7.0406621737615245
-6.991651288818294
-6.944908549338264
-6.900470258774532
-6.858368817810187
-6.818632942254828
-6.781287810769116
-6.746355253239851
-6.713853934099508
-6.683799498847541
-6.656204771463729
-6.631079894437071
-6.608432496061799
-6.588267844351575
-6.570588976340077
-6.555396862565556
-6.542690519099925
-6.532467112068374
-6.524722104365123
-6.5194493410437575
-6.516641141265074
-6.5162884008605495
-6.5183806549168315
-6.522906146140864
-6.529851892307725
-6.539203724962476
-6.55094633058525
-6.565063283330611
-6.581537060521555
-6.60034905416616
-6.621479572209932
-6.644907829177874
-6.670611927770269
-6.698568831572493
-6.728754332303178
-6.761143000497708
-6.795708131091467
-6.8324216899185695
-6.871254237780664
-6.912174847943286
-6.955151031208258
-7.000148643499271
-7.0471317735793315
-7.0960626465900605
-7.146901525445579
-7.199606568795236
-7.254133716430331
-7.310436590076623
-7.368466330260982
-7.428171464509429
-7.489497811117739
-7.552388312230434
-7.616782884361555
-7.682618326419542
-7.749828175593346
-7.818342538501181
-7.888088003029183
-7.958987551419691
-8.030960369281422
-8.103921767009544
-8.177783155969099
-8.25245189925125
-8.327831263610994
-8.403820371441482
-8.480314137777412
-8.5572033116733
-8.634374450294773
-8.711709931984535
-8.789088064813672
-8.866383109641514
-8.943465418079056
-9.02020159597966
-9.096454619911384
-9.172084096229817
-9.246946475814367
-9.320895312928792
-9.393781623287685
-9.465454187538844
-9.53575994989063
-9.60454445399557
-9.671652276588638
-9.736927530531744
-9.800214392019608
-9.86135765803307
-9.920203313469965
-9.976599176501546
-10.030395516252664
-10.081445683086738
-10.12960685142651
-10.174740632737844
-10.2167137730155
-10.255398860075598
-10.29067500120541
-10.322428512446411
-10.350553522999416
-10.374952676416324
-10.395537662429074
-10.412229854705336
-10.424960772699194
-10.433672614241017
